157
261
620
814
914
919
1181
1200
1331
1369
1518
1577
1581
1873
1898
1960
2085
2112
2131
2151
2208
2210
2284
2334
2357
2397
2403
2500
2525
2535
2590
2727
2829
2855
2865
2954
3474
3487
3499
3590
3737
3795
3836
3843
3907
3992
4070
4171
4252
4256
4281
4282
4283
4290
4295
4301
4311
4312
4335
4339
4343
4344
4345
4350
4354
4364
4368
4369
4377
4378
4380
4381
4386
4389
4390
4394
4396
4397
4398
4399
4403
4404
4406
4412
4413
4414
4415
4419
4421
4422
4427
4428
4437
4440
4444
4445
4463
4491
4507
4508
4526
4527
4533
4536
4537
4538
4540
4542
4545
4548
4549
4551
4553
4554
4555
4556
4557
4558
4560
4561
4563
4564
4565
4566
4567
4569
4570
4571
4572
4573
4575
4577
4578
4579
4580
4582
4583
4585
4586
4587
4588
4589
4591
4592
4593
4594
4595
4596
4597
4598
4600
4601
4602
4603
4604
4605
4607
4608
4609
4610
4611
4613
4614
4615
4616
4617
4618
4620
4621
4622
4623
4625
4626
4627
4628
4629
4630
4631
4632
4633
4634
4635
4637
4638
4639
4640
4641
4642
4644
4645
4646
4647
4648
4649
4650
4651
4652
4653
4654
4655
4656
4657
4658
4659
4660
4661
4662
4663
4664
4665
4666
4667
4668
4670
4672
4673
4675
4676
4678
4679
4680
4681
4682
4683
4684
4685
4686
4687
4688
4689
4690
4691
4692
4693
4696
4747
4800
4839
4849
4885
4961
5126
5477
5565
5567
5673
5707
5814
5860
5981
6026
6081
6094
6127
6351
6355
6362
6537
6717
6809
6933
7001
7008
7025
7054
7193
7208
7210
7678
8000
8462
8465
8495
8537
8558
8704
8860
9135
9163
9167
9347
9692
9789
10182
10271
10621
10733
10954
11219
12223
12355
12451
12540
12552
12576
12675
12689
12736
12744
12851
12941
12975
13017
13039
13127
13146
13244
13413
13448
13506
13508
13514
13538
13553
13554
13565
13583
13786
13789
13802
13840
13897
13919
13932
13934
13941
13942
13955
13987
14016
14040
14108
14155
14164
14165
14168
14176
14740
15693
16600
16972
17304
17611
17613
17640
17646
17653
17658
17675
17694
17695
17697
17698
17700
17716
17755
17762
17771
17785
17786
17805
17807
17808
17810
18179
18189
18197
18202
18209
18214
18216
18219
18227
18231
18397
18448
18515
18535
18734
18735
18773
18786
18906
18960
19033
19034
19209
19213
19225
19226
19231
19237
19580
19662
19690
19705
19712
19770
19771
19772
19773
19774
19776
19781
19784
19789
20038
20043
20103
20104
20112
20114
20115
20116
20357
20435
20440
20452
20453
20454
20455
20459
20568
20569
20571
20585
20591
20592
20594
20597
20620
20621
20623
20670
20672
20699
20751
20754
20850
21039
21040
21041
21140
21141
21151
21244
21248
21280
21320
21327
21343
21619
21628
21719
22339
22499
22501
22503
22504
22505
22506
22511
22841
22896
22991
23005
23031
23055
23065
23107
23928
24183
24292
24885
25166
25364
25388
25566
25577
25579
25598
25600
25608
25664
25749
25779
25848
25906
26059
26060
26480
26566
26584
26685
26691
26838
26890
26896
27158
27513
27540
27591
28190
28738
28899
29269
29843
30366
30378
30383
30435
30454
30457
30460
30465
30566
30567
30572
30573
30600
30624
30651
30690
30691
30897
31022
31031
31107
31108
31470
31476
31483
31515
31516
31555
31556
31557
31558
31559
31580
31581
31582
31583
31584
31585
31586
31587
31588
31589
31590
31591
31641
31642
31643
31644
31645
31646
31647
31648
31662
32118
32182
32718
32936
32984
33261
33306
33328
33426
33655
33676
33910
33922
34008
34128
34187
34190
34541
34542
34543
34734
34746
34751
34767
34778
34781
34793
34798
34839
34841
34845
34849
34933
34958
34965
34971
35078
35107
35209
35213
35232
35236
35241
35311
35319
35327
35330
35333
35341
35430
35450
35571
35590
35595
35675
35678
35683
35686
35705
35714
35722
35723
35795
35804
35806
35813
35815
35821
35824
35832
35833
35836
35888
35891
35902
35905
35916
35966
35973
35976
35991
35993
36004
36007
36045
36046
36060
36061
36064
36067
36070
36105
36122
36123
36125
36157
36163
36169
36183
36196
36197
36385
36444
36457
36459
36461
36462
36463
36469
36471
36472
36588
36589
36700
36713
36868
36930
36939
36946
36955
36957
36995
37077
37283
37462
37631
38227
38371
38590
38713
38874
38964
39084
39180
39650
39740
40006
40678
40852
40998
41785
41884
41898
42031
42089
42161
42162
42164
42224
42374
42644
42925
43101
43141
43364
43375
43407
43534
43730
43830
43832
43895
43985
44324
44842
44895
45094
45161
45539
45578
45579
45655
45789
45792
45793
45889
45910
46145
46258
46259
46319
46796
47483
47484
47487
47646
47676
47731
47734
47738
47741
47744
47748
47756
47757
47783
47945
47946
47948
47950
47953
48121
48122
48125
48128
48159
48342
48343
48344
48468
48469
48634
48641
48676
48737
49082
49314
49491
49500
49516
49520
49525
49595
49598
49600
49607
49613
49618
49619
49620
49628
49629
49630
49692
49694
49695
49697
49698
49742
49743
49995
50001
50089
50100
50377
50378
51055
51057
51060
51061
51062
51066
51067
51068
51070
51071
51106
51107
51237
51239
51298
51357
51495
51738
51877
52076
52110
52451
52454
52455
52456
52461
52462
52468
52469
52470
52471
52473
52474
52476
52478
52480
52491
52495
52496
52497
52501
52502
52503
52504
52508
52512
52513
52514
52516
52517
52518
52522
52523
52535
52536
52537
52539
52541
52542
52553
52554
52555
52556
52558
52559
52560
52562
52580
52581
52608
52609
52649
52668
52673
52819
52907
52921
53330
53345
53541
53627
53802
53808
53984
54040
54108
54587
54598
54690
54753
54813
55233
55378
55398
55409
55426
55454
55465
55472
55475
55485
55488
55493
55494
55512
55522
55921
56110
56111
56114
56118
56274
56304
56445
56567
56583
56768
56861
56999
57047
57340
57365
57391
57413
57546
57714
57873
57874
57875
57879
57882
58035
58065
58095
58180
58189
58254
58352
58384
58391
58753
58754
58928
58958
58959
59009
59082
59146
59165
59167
59174
59217
59432
59467
59533
59544
59627
59635
59646
59671
59753
59754
59867
59903
59906
59963
60009
60043
60095
60099
60162
60196
60211
60218
60315
60334
60336
60347
60525
60627
60631
60719
60741
60762
60766
60795
60878
60907
60949
60966
61116
61138
61186
61206
61344
61346
61353
61365
61366
61371
61373
61376
61378
61381
61386
61387
61390
61392
61407
61408
61410
61416
61418
61431
61432
61447
61448
61455
61456
61458
61462
61466
61469
61478
61484
61487
61495
61496
61497
61501
61518
61520
61529
61530
61535
61538
61539
61547
61550
61552
61553
61563
61564
61569
61570
61582
61584
61586
61587
61592
61598
61604
61614
61615
61617
61618
61620
61622
61626
61632
61636
61640
61642
61643
61653
61656
61657
61684
61901
61950
61997
62491
62492
62529
62561
62629
62777
62919
63023
63036
63072
63243
63335
63361
63399
63542
63816
63848
63909
64043
64128
64170
64342
64423
64594
64612
64619
64708
64758
64813
