157
191
261
293
620
637
655
663
681
814
914
919
988
994
1051
1122
1181
1200
1257
1331
1369
1505
1518
1577
1581
1747
1755
1756
1760
1873
1898
1960
2085
2112
2131
2151
2208
2210
2245
2284
2302
2334
2357
2397
2403
2500
2525
2535
2590
2610
2615
2727
2790
2795
2829
2855
2865
2951
2954
3013
3037
3333
3474
3487
3499
3590
3737
3795
3836
3843
3907
3992
4042
4070
4171
4252
4256
4275
4281
4282
4283
4290
4295
4301
4311
4312
4335
4339
4343
4344
4345
4350
4354
4364
4368
4369
4377
4378
4380
4381
4386
4389
4390
4394
4396
4397
4398
4399
4403
4404
4406
4412
4413
4414
4415
4419
4421
4422
4427
4428
4437
4440
4444
4445
4463
4491
4507
4508
4526
4527
4533
4536
4537
4538
4540
4542
4545
4548
4549
4551
4553
4554
4555
4556
4557
4558
4560
4561
4563
4564
4565
4566
4567
4569
4570
4571
4572
4573
4575
4577
4578
4579
4580
4582
4583
4585
4586
4587
4588
4589
4591
4592
4593
4594
4595
4596
4597
4598
4600
4601
4602
4603
4604
4605
4607
4608
4609
4610
4611
4613
4614
4615
4616
4617
4618
4620
4621
4622
4623
4625
4626
4627
4628
4629
4630
4631
4632
4633
4634
4635
4637
4638
4639
4640
4641
4642
4644
4645
4646
4647
4648
4649
4650
4651
4652
4653
4654
4655
4656
4657
4658
4659
4660
4661
4662
4663
4664
4665
4666
4667
4668
4670
4672
4673
4675
4676
4678
4679
4680
4681
4682
4683
4684
4685
4686
4687
4688
4689
4690
4691
4692
4693
4696
4732
4747
4761
4800
4839
4844
4849
4885
4961
4984
5086
5126
5142
5206
5477
5565
5567
5673
5707
5814
5860
5951
5981
6026
6081
6094
6127
6220
6235
6263
6316
6351
6355
6357
6362
6451
6537
6638
6717
6809
6881
6900
6933
7001
7008
7025
7054
7160
7193
7208
7210
7221
7305
7326
7344
7678
7739
7912
7986
8000
8095
8241
8462
8465
8495
8537
8558
8615
8650
8704
8768
8860
8876
8989
9119
9135
9163
9167
9347
9351
9466
9627
9692
9789
9908
10182
10271
10295
10504
10572
10615
10621
10733
10954
10997
11219
11339
11545
11570
11871
12179
12205
12223
12257
12355
12408
12451
12453
12474
12540
12552
12576
12627
12675
12689
12703
12723
12736
12744
12851
12941
12975
13017
13039
13127
13146
13165
13244
13272
13413
13448
13506
13508
13514
13538
13553
13554
13565
13583
13782
13786
13789
13802
13840
13877
13897
13919
13932
13934
13941
13942
13955
13987
14004
14016
14040
14108
14110
14155
14164
14165
14168
14176
14222
14497
14585
14610
14675
14716
14740
14771
14921
14997
15190
15351
15380
15507
15553
15561
15589
15645
15693
15781
16172
16189
16482
16563
16600
16627
16836
16856
16972
17010
17065
17116
17135
17193
17218
17260
17304
17310
17405
17494
17504
17538
17611
17613
17640
17646
17653
17658
17675
17694
17695
17697
17698
17700
17716
17755
17762
17771
17785
17786
17805
17807
17808
17810
17933
17980
18073
18144
18179
18189
18197
18202
18209
18214
18216
18219
18227
18231
18364
18397
18448
18515
18535
18634
18668
18683
18724
18734
18735
18773
18786
18906
18936
18937
18960
18968
19033
19034
19153
19154
19209
19213
19225
19226
19231
19237
19277
19502
19580
19624
19662
19669
19690
19705
19712
19714
19770
19771
19772
19773
19774
19776
19781
19784
19789
19795
20038
20043
20103
20104
20112
20114
20115
20116
20118
20157
20302
20357
20435
20440
20452
20453
20454
20455
20459
20496
20566
20568
20569
20571
20585
20591
20592
20594
20597
20620
20621
20623
20670
20672
20699
20751
20754
20850
21039
21040
21041
21058
21140
21141
21151
21189
21201
21244
21248
21280
21320
21327
21343
21619
21628
21697
21719
21761
21846
21857
21897
22005
22007
22021
22046
22054
22056
22071
22072
22128
22182
22210
22257
22310
22339
22407
22431
22499
22501
22503
22504
22505
22506
22511
22732
22747
22841
22896
22991
23005
23031
23055
23065
23107
23164
23266
23309
23592
23731
23810
23837
23847
23928
23979
24075
24079
24183
24208
24214
24292
24375
24885
25049
25166
25322
25355
25364
25388
25424
25566
25577
25579
25598
25600
25608
25664
25697
25749
25779
25848
25887
25906
26059
26060
26121
26130
26131
26402
26480
26566
26584
26618
26662
26685
26691
26834
26838
26890
26896
27024
27098
27158
27231
27513
27520
27540
27591
27666
27691
27788
27852
28162
28190
28272
28464
28486
28738
28766
28899
29060
29176
29269
29364
29419
29426
29688
29838
29843
29851
30193
30239
30305
30366
30378
30383
30435
30454
30456
30457
30460
30465
30494
30566
30567
30572
30573
30600
30624
30651
30682
30690
30691
30791
30820
30825
30897
30915
31022
31031
31107
31108
31470
31476
31483
31515
31516
31555
31556
31557
31558
31559
31580
31581
31582
31583
31584
31585
31586
31587
31588
31589
31590
31591
31595
31641
31642
31643
31644
31645
31646
31647
31648
31662
31766
31908
31922
31960
31968
32118
32142
32171
32182
32261
32281
32410
32527
32565
32718
32738
32750
32878
32915
32936
32984
33009
33214
33261
33306
33328
33415
33426
33510
33583
33624
33655
33676
33684
33812
33874
33910
33922
34008
34044
34061
34108
34128
34187
34190
34209
34241
34243
34263
34308
34541
34542
34543
34605
34655
34734
34746
34751
34767
34778
34781
34793
34798
34800
34839
34841
34845
34849
34933
34958
34965
34971
35078
35089
35107
35209
35213
35232
35236
35241
35246
35311
35319
35327
35330
35333
35341
35369
35430
35450
35556
35571
35590
35595
35613
35675
35678
35683
35686
35705
35714
35722
35723
35795
35804
35806
35813
35815
35817
35821
35824
35832
35833
35836
35888
35891
35902
35905
35916
35966
35973
35976
35991
35993
36004
36007
36030
36043
36045
36046
36060
36061
36064
36067
36070
36105
36113
36122
36123
36125
36144
36157
36163
36169
36183
36196
36197
36369
36385
36418
36444
36457
36459
36461
36462
36463
36464
36469
36471
36472
36479
36519
36537
36588
36589
36700
36713
36868
36930
36939
36946
36955
36957
36995
37077
37258
37283
37394
37462
37563
37631
37638
37712
37760
37875
37912
37956
37998
38080
38130
38227
38269
38371
38522
38590
38713
38774
38874
38964
39084
39180
39580
39601
39650
39721
39740
39829
39874
39910
39957
40006
40063
40137
40240
40275
40678
40847
40852
40908
40998
41023
41038
41070
41149
41265
41346
41754
41785
41884
41898
42031
42089
42119
42161
42162
42164
42209
42224
42374
42405
42644
42778
42925
42972
43101
43141
43212
43269
43364
43375
43405
43407
43498
43500
43534
43550
43589
43591
43600
43725
43730
43790
43827
43830
43832
43848
43856
43895
43897
43913
43985
44009
44014
44058
44108
44147
44175
44189
44295
44298
44314
44324
44342
44389
44470
44696
44697
44734
44778
44809
44842
44881
44885
44895
44983
45094
45136
45139
45142
45161
45182
45316
45336
45382
45463
45476
45479
45539
45578
45579
45636
45639
45642
45655
45789
45792
45793
45802
45875
45889
45910
46038
46067
46145
46258
46259
46319
46344
46509
46549
46796
47077
47087
47117
47120
47163
47236
47253
47483
47484
47487
47646
47676
47697
47731
47734
47738
47741
47744
47748
47756
47757
47783
47854
47877
47915
47930
47945
47946
47948
47950
47953
48032
48064
48081
48121
48122
48125
48128
48130
48159
48342
48343
48344
48377
48419
48468
48469
48569
48620
48630
48634
48641
48676
48737
48745
48879
48991
49082
49123
49145
49148
49182
49187
49232
49265
49314
49491
49500
49516
49520
49525
49595
49598
49600
49607
49613
49618
49619
49620
49628
49629
49630
49632
49692
49694
49695
49697
49698
49742
49743
49827
49995
50001
50089
50100
50280
50315
50377
50378
50525
50560
50717
50721
51055
51057
51060
51061
51062
51066
51067
51068
51070
51071
51106
51107
51199
51237
51239
51298
51357
51495
51601
51643
51738
51821
51831
51877
51916
51928
52076
52101
52110
52159
52449
52451
52454
52455
52456
52461
52462
52468
52469
52470
52471
52473
52474
52476
52478
52480
52491
52495
52496
52497
52501
52502
52503
52504
52508
52511
52512
52513
52514
52516
52517
52518
52522
52523
52535
52536
52537
52539
52541
52542
52553
52554
52555
52556
52558
52559
52560
52562
52580
52581
52608
52609
52649
52668
52673
52694
52788
52819
52907
52921
52946
53074
53218
53330
53345
53398
53455
53458
53496
53500
53541
53627
53739
53762
53775
53802
53808
53846
53984
53989
54040
54108
54171
54210
54212
54269
54296
54313
54382
54402
54450
54452
54541
54587
54598
54638
54690
54738
54753
54754
54787
54813
54848
54914
54952
55025
55063
55141
55183
55223
55233
55259
55323
55378
55398
55409
55426
55454
55465
55472
55475
55485
55488
55493
55494
55512
55522
55536
55568
55610
55713
55738
55744
55891
55921
55966
56110
56111
56114
56118
56126
56205
56209
56223
56274
56304
56329
56377
56445
56517
56567
56583
56657
56737
56768
56795
56861
56938
56999
57047
57065
57221
57228
57256
57273
57340
57346
57365
57391
57413
57546
57714
57873
57874
57875
57879
57882
57904
58035
58065
58095
58117
58180
58189
58254
58312
58351
58352
58384
58391
58408
58520
58603
58637
58741
58753
58754
58805
58812
58928
58943
58958
58959
59009
59023
59082
59146
59165
59167
59174
59217
59249
59276
59415
59432
59467
59533
59544
59627
59635
59646
59671
59741
59753
59754
59756
59779
59838
59854
59855
59867
59903
59906
59963
59965
60009
60043
60091
60095
60099
60113
60137
60162
60196
60211
60218
60261
60315
60333
60334
60336
60343
60347
60389
60402
60475
60478
60525
60590
60627
60631
60661
60719
60741
60756
60762
60766
60784
60795
60869
60878
60907
60912
60949
60954
60966
61026
61040
61073
61076
61116
61138
61186
61206
61319
61336
61344
61346
61353
61365
61366
61371
61373
61376
61378
61381
61386
61387
61390
61392
61407
61408
61410
61416
61418
61430
61431
61432
61444
61447
61448
61455
61456
61458
61462
61466
61469
61478
61484
61487
61495
61496
61497
61501
61518
61520
61529
61530
61535
61538
61539
61547
61550
61552
61553
61563
61564
61569
61570
61582
61584
61586
61587
61592
61593
61598
61604
61614
61615
61617
61618
61620
61622
61626
61632
61636
61640
61642
61643
61653
61656
61657
61684
61901
61950
61971
61987
61997
62004
62070
62209
62239
62261
62303
62491
62492
62493
62499
62503
62529
62561
62629
62777
62919
63023
63036
63072
63243
63335
63361
63399
63542
63816
63848
63909
64043
64128
64170
64342
64423
64594
64612
64619
64708
64758
64813
